#V3.30 -trans-beta;_2018_06_05;_Stock_Synthesis_by_Richard_Methot_(NOAA)_using_ADMB_11.6
#Stock Synthesis (SS) is a work of the U.S. Government and is not subject to copyright protection in the United States.
#Foreign copyrights may apply. See copyright.txt for more information.
#_user_support_available_at:NMFS.Stock.Synthesis@noaa.gov
#_user_info_available_at:https://vlab.ncep.noaa.gov/group/stock-synthesis
#_Start_time: Tue Jun 18 12:44:24 2019
#_Number_of_datafiles: 1
#C	This	data	file	is	built	to	mimic	the	2011	asapm	model			
#C	All	assumptions	are	as	in	the	asapm	model						
#_observed data: 
#V2.20.12.00-trans-beta;_2018_06_05;_Stock_Synthesis_by_Richard_Methot_(NOAA)_using_ADMB_11.6
#Stock Synthesis (SS) is a work of the U.S. Government and is not subject to copyright protection in the United States.
#Foreign copyrights may apply. See copyright.txt for more information.
1945 #_StartYr
2017 #_EndYr
1    #_Nseas
12   #_months/season
4    #_Nsubseasons (even number, minimum is 2)
1 #_spawn_month
1 #_Ngenders
15 #_Nages=accumulator age
1 #_Nareas
9 #_Nfleets (including surveys)
#_fleet_type: 1=catch fleet; 2=bycatch only fleet; 2=survey; 4=ignore
#_survey_timing: -1=for use of catch-at-age to override the month value associated with a datum 
#_fleet_area:  area the fleet/survey operates in 
#_units of catch:  1=bio; 2=num (ignored for surveys; their units read later)
#_catch_mult: 0=no; 1=yes
#_rows are fleets
#_fleet_type timing area units need_catch_mult fleetname
 1 -1 1 2 0 Rec_E_1  # 1
 1 -1 1 1 0 Com_E_2  # 2
 1 -1 1 1 0 Com_LL_2  # 2
 2 -1 1 2 0 Shrimp_Eff_4  # 4
 3 0.5 1 2 0 MRFSS_5  # 5
 1 -1 1 2 0 HB_E_6  # 6
 3 0.5 1 2 0 LarvalGW_7  # 7
 3 0.5 1 2 0 SEAMAP_Trawl_E_8  #8
 3 0.5 1 2 0 Video_GW_9        #9
#Bycatch_fleet_input_goes_next
#a:  fleet index
#b:  1=include dead bycatch in total dead catch for F0.1 and MSY optimizations and forecast ABC; 2=omit from total catch for these purposes (but still include the mortality)
#c:  1=Fmult scales with other fleets; 2=bycatch F constant at input value; 2=bycatch F from range of years
#d:  F or first year of range
#e:  last year of range
#f:  not used
# a   b   c   d   e   f 
 4 1 1 1946 2017 0  # Shrimp_Eff_6
#_Catch data: yr, seas, fleet, catch, catch_se
#_catch_se:  standard error of log(catch)
#_NOTE:  catch data is ignored for survey fleets
-999	1	1	0	0.05
1945	1	1	1	0.05
1946	1	1	3.55	0.05
1947	1	1	19.19	0.05
1948	1	1	31.66	0.05
1949	1	1	44.14	0.05
1950	1	1	61.8	0.05
1951	1	1	75.26	0.05
1952	1	1	88.71	0.05
1953	1	1	102.16	0.05
1954	1	1	115.62	0.05
1955	1	1	129.07	0.05
1956	1	1	137.08	0.05
1957	1	1	145.1	0.05
1958	1	1	153.11	0.05
1959	1	1	161.12	0.05
1960	1	1	169.13	0.05
1961	1	1	170.01	0.05
1962	1	1	170.89	0.05
1963	1	1	171.76	0.05
1964	1	1	172.64	0.05
1965	1	1	173.52	0.05
1966	1	1	176.82	0.05
1967	1	1	180.12	0.05
1968	1	1	183.43	0.05
1969	1	1	186.73	0.05
1970	1	1	190.03	0.05
1971	1	1	193.7	0.05
1972	1	1	204.79	0.05
1973	1	1	216.57	0.05
1974	1	1	220.75	0.05
1975	1	1	227.46	0.05
1976	1	1	239.81	0.05
1977	1	1	260.46	0.05
1978	1	1	273.04	0.05
1979	1	1	284.93	0.05
1980	1	1	294.4	0.05
1981	1	1	507	0.05
1982	1	1	1242	0.05
1983	1	1	271	0.05
1984	1	1	113	0.05
1985	1	1	201	0.05
1986	1	1	534	0.05
1987	1	1	844	0.05
1988	1	1	735	0.05
1989	1	1	1248	0.05
1990	1	1	1930	0.05
1991	1	1	1323	0.05
1992	1	1	1317	0.05
1993	1	1	918	0.05
1994	1	1	731	0.05
1995	1	1	862	0.05
1996	1	1	358	0.05
1997	1	1	361	0.05
1998	1	1	565	0.05
1999	1	1	432	0.05
2000	1	1	297	0.05
2001	1	1	415	0.05
2002	1	1	955	0.05
2003	1	1	1155	0.05
2004	1	1	972	0.05
2005	1	1	711	0.05
2006	1	1	439	0.05
2007	1	1	405	0.05
2008	1	1	286	0.05
2009	1	1	151	0.05
2010	1	1	296	0.05
2011	1	1	442	0.05
2012	1	1	202	0.05
2013	1	1	316	0.05
2014	1	1	126	0.05
2015	1	1	52	0.05
2016	1	1	299	0.05
2017	1	1	225	0.05
-999	1	2	0	0.05
1945	1	2	0.01	0.05
1946	1	2	0.08	0.05
1947	1	2	0.16	0.05
1948	1	2	0.23	0.05
1949	1	2	0.31	0.05
1950	1	2	0.39	0.05
1951	1	2	0.47	0.05
1952	1	2	0.55	0.05
1953	1	2	0.63	0.05
1954	1	2	0.7	0.05
1955	1	2	0.78	0.05
1956	1	2	0.86	0.05
1957	1	2	0.94	0.05
1958	1	2	1.02	0.05
1959	1	2	1.09	0.05
1960	1	2	1.17	0.05
1961	1	2	1.25	0.05
1962	1	2	1.33	0.05
1963	1	2	1.407	0.05
1964	1	2	7.123	0.05
1965	1	2	7.895	0.05
1966	1	2	3.902	0.05
1967	1	2	5.535	0.05
1968	1	2	3.902	0.05
1969	1	2	6.624	0.05
1970	1	2	7.26	0.05
1971	1	2	13.838	0.05
1972	1	2	21.506	0.05
1973	1	2	18.149	0.05
1974	1	2	18.149	0.05
1975	1	2	28.131	0.05
1976	1	2	31.624	0.05
1977	1	2	22.73	0.05
1978	1	2	22.014	0.05
1979	1	2	29.796	0.05
1980	1	2	29.045	0.05
1981	1	2	27.888	0.05
1982	1	2	25.098	0.05
1983	1	2	18.369	0.05
1984	1	2	13.181	0.05
1985	1	2	19.661	0.05
1986	1	2	27.403	0.05
1987	1	2	29.934	0.05
1988	1	2	56.682	0.05
1989	1	2	90.833	0.05
1990	1	2	157.308	0.05
1991	1	2	154.86	0.05
1992	1	2	93.556	0.05
1993	1	2	166.953	0.05
1994	1	2	104.978	0.05
1995	1	2	91.119	0.05
1996	1	2	61.466	0.05
1997	1	2	44.158	0.05
1998	1	2	45.583	0.05
1999	1	2	51.219	0.05
2000	1	2	26.071	0.05
2001	1	2	46.522	0.05
2002	1	2	66.009	0.05
2003	1	2	72.217	0.05
2004	1	2	58.533	0.05
2005	1	2	45.99	0.05
2006	1	2	24.24	0.05
2007	1	2	19.707	0.05
2008	1	2	16.105	0.05
2009	1	2	25.103	0.05
2010	1	2	20.232	0.05
2011	1	2	44.269	0.05
2012	1	2	30.427	0.05
2013	1	2	26.983	0.05
2014	1	2	15.026	0.05
2015	1	2	18.867	0.05
2016	1	2	20.38	0.05
2017	1	2	24.912	0.05
-999	1	3	0	0.05
1945	1	3	0	0.05
1946	1	3	0	0.05
1947	1	3	0	0.05
1948	1	3	0	0.05
1949	1	3	0	0.05
1950	1	3	0	0.05
1951	1	3	0	0.05
1952	1	3	0	0.05
1953	1	3	0	0.05
1954	1	3	0	0.05
1955	1	3	0	0.05
1956	1	3	0	0.05
1957	1	3	0	0.05
1958	1	3	0	0.05
1959	1	3	0	0.05
1960	1	3	0	0.05
1961	1	3	0	0.05
1962	1	3	0	0.05
1963	1	3	0	0.05
1964	1	3	0	0.05
1965	1	3	0	0.05
1966	1	3	0	0.05
1967	1	3	0	0.05
1968	1	3	0	0.05
1969	1	3	0	0.05
1970	1	3	0	0.05
1971	1	3	0	0.05
1972	1	3	0	0.05
1973	1	3	0	0.05
1974	1	3	0	0.05
1975	1	3	0	0.05
1976	1	3	0	0.05
1977	1	3	0	0.05
1978	1	3	0	0.05
1979	1	3	1.778	0.05
1980	1	3	1.679	0.05
1981	1	3	3.52	0.05
1982	1	3	6.824	0.05
1983	1	3	6.163	0.05
1984	1	3	5.299	0.05
1985	1	3	7.742	0.05
1986	1	3	9.221	0.05
1987	1	3	10.878	0.05
1988	1	3	7.055	0.05
1989	1	3	18.197	0.05
1990	1	3	6.015	0.05
1991	1	3	0.018	0.05
1992	1	3	69.125	0.05
1993	1	3	6.36	0.05
1994	1	3	9.368	0.05
1995	1	3	3.128	0.05
1996	1	3	3.222	0.05
1997	1	3	5.194	0.05
1998	1	3	2.587	0.05
1999	1	3	4.62	0.05
2000	1	3	2.605	0.05
2001	1	3	2.77	0.05
2002	1	3	1.383	0.05
2003	1	3	3.312	0.05
2004	1	3	6.838	0.05
2005	1	3	3.015	0.05
2006	1	3	3.493	0.05
2007	1	3	3.632	0.05
2008	1	3	7.159	0.05
2009	1	3	4.153	0.05
2010	1	3	1.155	0.05
2011	1	3	0.488	0.05
2012	1	3	0.341	0.05
2013	1	3	0.499	0.05
2014	1	3	0.195	0.05
2015	1	3	0.31	0.05
2016	1	3	0.525	0.05
2017	1	3	0.321	0.05
-999	1	4	0	0.1
1945	1	4	0.1	0.1
1946	1	4	0.1	0.1
1947	1	4	0.1	0.1
1948	1	4	0.1	0.1
1949	1	4	0.1	0.1
1950	1	4	0.1	0.1
1951	1	4	0.1	0.1
1952	1	4	0.1	0.1
1953	1	4	0.1	0.1
1954	1	4	0.1	0.1
1955	1	4	0.1	0.1
1956	1	4	0.1	0.1
1957	1	4	0.1	0.1
1958	1	4	0.1	0.1
1959	1	4	0.1	0.1
1960	1	4	0.1	0.1
1961	1	4	0.1	0.1
1962	1	4	0.1	0.1
1963	1	4	0.1	0.1
1964	1	4	0.1	0.1
1965	1	4	0.1	0.1
1966	1	4	0.1	0.1
1967	1	4	0.1	0.1
1968	1	4	0.1	0.1
1969	1	4	0.1	0.1
1970	1	4	0.1	0.1
1971	1	4	0.1	0.1
1972	1	4	0.1	0.1
1973	1	4	0.1	0.1
1974	1	4	0.1	0.1
1975	1	4	0.1	0.1
1976	1	4	0.1	0.1
1977	1	4	0.1	0.1
1978	1	4	0.1	0.1
1979	1	4	0.1	0.1
1980	1	4	0.1	0.1
1981	1	4	0.1	0.1
1982	1	4	0.1	0.1
1983	1	4	0.1	0.1
1984	1	4	0.1	0.1
1985	1	4	0.1	0.1
1986	1	4	0.1	0.1
1987	1	4	0.1	0.1
1988	1	4	0.1	0.1
1989	1	4	0.1	0.1
1990	1	4	0.1	0.1
1991	1	4	0.1	0.1
1992	1	4	0.1	0.1
1993	1	4	0.1	0.1
1994	1	4	0.1	0.1
1995	1	4	0.1	0.1
1996	1	4	0.1	0.1
1997	1	4	0.1	0.1
1998	1	4	0.1	0.1
1999	1	4	0.1	0.1
2000	1	4	0.1	0.1
2001	1	4	0.1	0.1
2002	1	4	0.1	0.1
2003	1	4	0.1	0.1
2004	1	4	0.1	0.1
2005	1	4	0.1	0.1
2006	1	4	0.1	0.1
2007	1	4	0.1	0.1
2008	1	4	0.1	0.1
2009	1	4	0.1	0.1
2010	1	4	0.1	0.1
2011	1	4	0.1	0.1
2012	1	4	0.1	0.1
2013	1	4	0.1	0.1
2014	1	4	0.1	0.1
2015	1	4	0.1	0.1
2016	1	4	0.1	0.1
2017	1	4	0.1	0.1
-9999	0	0	0	0

#
 #_CPUE_and_surveyabundance_observations
#_Units:  0=numbers; 1=biomass; 2=F; >=20 for special types
#_Errtype:  -1=normal; 0=lognormal; >0=T
#_SD_Report: 0=no sdreport; 1=enable sdreport
#_Fleet Units Errtype SD_Report
1 0 0 0 # Rec_E_1
2 1 0 0 # Com_E_2
#4 1 0 0 # Com_W_4
3 1 0 0 # Com_LL_5
4 2 -1 0 # Shrimp_Eff_6
5 0 0 0 # MRFSS_7
6 0 0 0 # HB_E_8
#9 0 0 0 # HB_W_9
7 30 0 0 # LarvalGW_10
8 0 0 0 # SEAMAP_Trawl_E_12
#12 0 0 0 # SEAMAP_Trawl_W_12
9 0 0 0 # Video_GW_14
#_yr month fleet obs stderr
1993	7	2	2.57137	0.193459293	#_	Com_E_3
1994	7	2	2.54406	0.187268108	#_	Com_E_3
1995	7	2	1.91057	0.187268108	#_	Com_E_3
1996	7	2	1.30263	0.193459293	#_	Com_E_3
1997	7	2	1.0097	0.193459293	#_	Com_E_3
1998	7	2	0.94838	0.199625093	#_	Com_E_3
1999	7	2	1.01998	0.187268108	#_	Com_E_3
2000	7	2	0.68759	0.199625093	#_	Com_E_3
2001	7	2	1.01437	0.199625093	#_	Com_E_3
2002	7	2	1.43251	0.193459293	#_	Com_E_3
2003	7	2	1.37492	0.187268108	#_	Com_E_3
2004	7	2	1.1579	0.193459293	#_	Com_E_3
2005	7	2	1.09018	0.193459293	#_	Com_E_3
2006	7	2	0.7205	0.199625093	#_	Com_E_3
2007	7	2	0.60313	0.199625093	#_	Com_E_3
2008	7	2	0.47333	0.199625093	#_	Com_E_3
2009	7	2	0.4282	0.199625093	#_	Com_E_3
2010	7	2	0.5329	0.199625093	#_	Com_E_3
2011	7	2	0.7119	0.193459293	#_	Com_E_3
2012	7	2	0.38857	0.217964459	#_	Com_E_3
2013	7	2	0.55587	0.205764925	#_	Com_E_3
2014	7	2	0.37997	0.211878228	#_	Com_E_3
2015	7	2	0.61172	0.199625093	#_	Com_E_3
2016	7	2	0.74491	0.199625093	#_	Com_E_3
2017	7	2	0.78484	0.199625093	#_	Com_E_3
1945	7	4	58.74992316	5.874992316	#_	Shrimp_Eff_East_only
1946	7	4	219.4433005	21.94433005	#_	Shrimp_Eff_East_only
1947	7	4	1119.162536	111.9162536	#_	Shrimp_Eff_East_only
1948	7	4	2940.545279	294.0545279	#_	Shrimp_Eff_East_only
1949	7	4	4750.953536	475.0953536	#_	Shrimp_Eff_East_only
1950	7	4	8470.505171	847.0505171	#_	Shrimp_Eff_East_only
1951	7	4	10741.7772	1074.17772	#_	Shrimp_Eff_East_only
1952	7	4	12683.81466	1268.381466	#_	Shrimp_Eff_East_only
1953	7	4	13089.83538	1308.983538	#_	Shrimp_Eff_East_only
1954	7	4	17039.76896	1703.976896	#_	Shrimp_Eff_East_only
1955	7	4	16864.22419	1686.422419	#_	Shrimp_Eff_East_only
1956	7	4	21648.11293	2164.811293	#_	Shrimp_Eff_East_only
1957	7	4	25268.92945	2526.892945	#_	Shrimp_Eff_East_only
1958	7	4	32719.0072	3271.90072	#_	Shrimp_Eff_East_only
1959	7	4	35187.79648	3518.779648	#_	Shrimp_Eff_East_only
1960	7	4	35167.64525	3516.764525	#_	Shrimp_Eff_East_only
1961	7	4	21712.3266	2171.23266	#_	Shrimp_Eff_East_only
1962	7	4	37444.32227	3744.432227	#_	Shrimp_Eff_East_only
1963	7	4	42369.09333	4236.909333	#_	Shrimp_Eff_East_only
1964	7	4	49931.91219	4993.191219	#_	Shrimp_Eff_East_only
1965	7	4	32336.48645	3233.648645	#_	Shrimp_Eff_East_only
1966	7	4	27288.16431	2728.816431	#_	Shrimp_Eff_East_only
1967	7	4	32746.50217	3274.650217	#_	Shrimp_Eff_East_only
1968	7	4	38393.54478	3839.354478	#_	Shrimp_Eff_East_only
1969	7	4	42031.34002	4203.134002	#_	Shrimp_Eff_East_only
1970	7	4	29525.94888	2952.594888	#_	Shrimp_Eff_East_only
1971	7	4	23923.09316	2392.309316	#_	Shrimp_Eff_East_only
1972	7	4	33448.74	3344.874	#_	Shrimp_Eff_East_only
1973	7	4	36228.83	3622.883	#_	Shrimp_Eff_East_only
1974	7	4	35713.89	3571.389	#_	Shrimp_Eff_East_only
1975	7	4	35307.63	3530.763	#_	Shrimp_Eff_East_only
1976	7	4	32221		3222.1		#_	Shrimp_Eff_East_only
1977	7	4	42531.46	4148.13575	#_	Shrimp_Eff_East_only
1978	7	4	35168.4		3516.84		#_	Shrimp_Eff_East_only
1979	7	4	33728.1		3372.81		#_	Shrimp_Eff_East_only
1980	7	4	21249		2124.9		#_	Shrimp_Eff_East_only
1981	7	4	36067.38	3606.738	#_	Shrimp_Eff_East_only
1982	7	4	34212.47	3421.247	#_	Shrimp_Eff_East_only
1983	7	4	40298.43	4029.843	#_	Shrimp_Eff_East_only
1984	7	4	50592.35	5052.128	#_	Shrimp_Eff_East_only
1985	7	4	44016.57	4401.657	#_	Shrimp_Eff_East_only
1986	7	4	40895.7		4089.57		#_	Shrimp_Eff_East_only
1987	7	4	35721.55	3572.155	#_	Shrimp_Eff_East_only
1988	7	4	37365.51	3736.551	#_	Shrimp_Eff_East_only
1989	7	4	43230.07	4315.467	#_	Shrimp_Eff_East_only
1990	7	4	38729.79	3866.526	#_	Shrimp_Eff_East_only
1991	7	4	33810.72	3381.072	#_	Shrimp_Eff_East_only
1992	7	4	37674.46	3767.446	#_	Shrimp_Eff_East_only
1993	7	4	31360.77	3136.077	#_	Shrimp_Eff_East_only
1994	7	4	36101.33	3610.133	#_	Shrimp_Eff_East_only
1995	7	4	42801.53	4280.153	#_	Shrimp_Eff_East_only
1996	7	4	47497.13	4732.615	#_	Shrimp_Eff_East_only
1997	7	4	47546.05	4754.605	#_	Shrimp_Eff_East_only
1998	7	4	57747.17	5774.717	#_	Shrimp_Eff_East_only
1999	7	4	38401.3		3840.13		#_	Shrimp_Eff_East_only
2000	7	4	32273.59	3227.359	#_	Shrimp_Eff_East_only
2001	7	4	33985.54	3398.554	#_	Shrimp_Eff_East_only
2002	7	4	41098.94	4091.725	#_	Shrimp_Eff_East_only
2003	7	4	33168.11	3316.811	#_	Shrimp_Eff_East_only
2004	7	4	30473.33	3047.333	#_	Shrimp_Eff_East_only
2005	7	4	24632.38	2463.238	#_	Shrimp_Eff_East_only
2006	7	4	18032.02	1803.202	#_	Shrimp_Eff_East_only
2007	7	4	15579.8		1557.98		#_	Shrimp_Eff_East_only
2008	7	4	13110.37	1311.037	#_	Shrimp_Eff_East_only
2009	7	4	17527.38	1752.738	#_	Shrimp_Eff_East_only
2010	7	4	9247.51		924.751		#_	Shrimp_Eff_East_only
2011	7	4	11560.36	1156.036	#_	Shrimp_Eff_East_only
2012	7	4	12112.53	1211.253	#_	Shrimp_Eff_East_only
2013	7	4	12634.55	1257.052	#_	Shrimp_Eff_East_only
2014	7	4	10167.32	1016.732	#_	Shrimp_Eff_East_only
2015	7	4	11459.48	1145.948	#_	Shrimp_Eff_East_only
2016	7	4	11968.13	1196.813	#_	Shrimp_Eff_East_only
2017	7	4	12469.79	1246.979	#_	Shrimp_Eff_East_only
1981	7	5	1.96581		0.357844271	#_	MRFSS_7
1982	7	5	0.931236	0.322011972	#_	MRFSS_7
1983	7	5	0.489521	0.453146128	#_	MRFSS_7
1984	7	5	0.1148		0.795655919	#_	MRFSS_7
1985	7	5	0.4178		0.568785348	#_	MRFSS_7
1986	7	5	2.38752		0.124167652	#_	MRFSS_7
1987	7	5	0.824169	0.15070087	#_	MRFSS_7
1988	7	5	0.990385	0.279656808	#_	MRFSS_7
1989	7	5	2.77415		0.123012285	#_	MRFSS_7
1990	7	5	3.09676		0.156458821	#_	MRFSS_7
1991	7	5	1.98731		0.14543405	#_	MRFSS_7
1992	7	5	1.93206		0.099209385	#_	MRFSS_7
1993	7	5	1.25071		0.125643122	#_	MRFSS_7
1994	7	5	1.51832		0.119092692	#_	MRFSS_7
1995	7	5	0.899218	0.160245566	#_	MRFSS_7
1996	7	5	1.0192		0.145624662	#_	MRFSS_7
1997	7	5	0.580754	0.117162694	#_	MRFSS_7
1998	7	5	0.686889	0.096292347	#_	MRFSS_7
1999	7	5	0.596473	0.081340585	#_	MRFSS_7
2000	7	5	0.413983	0.088304911	#_	MRFSS_7
2001	7	5	0.685959	0.08602843	#_	MRFSS_7
2002	7	5	0.65036		0.08472689	#_	MRFSS_7
2003	7	5	0.568122	0.087914768	#_	MRFSS_7
2004	7	5	0.921113	0.075406875	#_	MRFSS_7
2005	7	5	0.751481	0.084531616	#_	MRFSS_7
2006	7	5	0.532131	0.095903193	#_	MRFSS_7
2007	7	5	0.512456	0.095708598	#_	MRFSS_7
2008	7	5	0.2752	0.111299247	#_	MRFSS_7
2009	7	5	0.407999	0.114651448	#_	MRFSS_7
2010	7	5	0.563575	0.111105718	#_	MRFSS_7
2011	7	5	0.760229	0.092918029	#_	MRFSS_7
2012	7	5	0.624583	0.098691011	#_	MRFSS_7
2013	7	5	0.460931	0.124809276	#_	MRFSS_7
2014	7	5	0.564418	0.102964821	#_	MRFSS_7
2015	7	5	0.922626	0.094475868	#_	MRFSS_7
2016	7	5	1.29822	0.084141035	#_	MRFSS_7
2017	7	5	1.62354	0.089150062	#_	MRFSS_7
1986	7	6	0.785121	0.17930732	#_	HB_E_8
1987	7	6	0.704375	0.198270825	#_	HB_E_8
1988	7	6	0.787082	0.19950203	#_	HB_E_8
1989	7	6	1.85924	0.138751299	#_	HB_E_8
1990	7	6	2.47478	0.133645256	#_	HB_E_8
1991	7	6	2.10395	0.126989468	#_	HB_E_8
1992	7	6	2.4548	0.122883876	#_	HB_E_8
1993	7	6	1.79039	0.153107419	#_	HB_E_8
1994	7	6	1.34668	0.168987611	#_	HB_E_8
1995	7	6	1.29511	0.190676365	#_	HB_E_8
1996	7	6	1.12225	0.18906613	#_	HB_E_8
1997	7	6	1.17828	0.179930688	#_	HB_E_8
1998	7	6	1.16988	0.160434697	#_	HB_E_8
1999	7	6	1.20666	0.13702938	#_	HB_E_8
2000	7	6	0.762772	0.17456193	#_	HB_E_8
2001	7	6	0.757766	0.202022748	#_	HB_E_8
2002	7	6	1.24904	0.178496582	#_	HB_E_8
2003	7	6	1.18223	0.18211058	#_	HB_E_8
2004	7	6	1.15549	0.167983549	#_	HB_E_8
2005	7	6	1.29281	0.143844909	#_	HB_E_8
2006	7	6	0.723357	0.178122259	#_	HB_E_8
2007	7	6	0.798654	0.177747851	#_	HB_E_8
2008	7	6	0.539722	0.193397506	#_	HB_E_8
2009	7	6	0.252186	0.225714508	#_	HB_E_8
2010	7	6	0.236302	0.255536197	#_	HB_E_8
2011	7	6	0.280816	0.228970249	#_	HB_E_8
2012	7	6	0.242747	0.24892033	#_	HB_E_8
2013	7	6	0.206439	0.29401725	#_	HB_E_8
2014	7	6	0.136327	0.31974753	#_	HB_E_8
2015	7	6	0.350665	0.320908067	#_	HB_E_8
2016	7	6	0.554089	0.258888609	#_	HB_E_8
1986	7	7	0.94108	0.205905832	#_	LarvalGW_10
1987	7	7	0.64518	0.311420911	#_	LarvalGW_10
1988	7	7	0.54979	0.271089496	#_	LarvalGW_10
1989	7	7	0.32331	0.311102818	#_	LarvalGW_10
1990	7	7	0.51433	0.244873313	#_	LarvalGW_10
1991	7	7	1.03148	0.171282193	#_	LarvalGW_10
1992	7	7	2.99094	0.174805776	#_	LarvalGW_10
1993	7	7	1.18415	0.175230858	#_	LarvalGW_10
1994	7	7	1.27642	0.18161258	#_	LarvalGW_10
1995	7	7	1.34086	0.18128257	#_	LarvalGW_10
1996	7	7	0.97527	0.171526516	#_	LarvalGW_10
1997	7	7	0.89316	0.223769199	#_	LarvalGW_10
1999	7	7	0.30532	0.290186688	#_	LarvalGW_10
2000	7	7	2.44159	0.147593252	#_	LarvalGW_10
2001	7	7	0.50558	0.257254809	#_	LarvalGW_10
2002	7	7	1.09313	0.212116102	#_	LarvalGW_10
2003	7	7	0.91416	0.206934633	#_	LarvalGW_10
2004	7	7	0.59413	0.255636324	#_	LarvalGW_10
2006	7	7	2.01196	0.154960915	#_	LarvalGW_10
2007	7	7	1.50612	0.186995123	#_	LarvalGW_10
2009	7	7	0.6281	0.233382314	#_	LarvalGW_10
2010	7	7	0.74712	0.257166588	#_	LarvalGW_10
2011	7	7	0.42625	0.256642998	#_	LarvalGW_10
2012	7	7	0.37764	0.311521339	#_	LarvalGW_10
2013	7	7	1.41806	0.180989862	#_	LarvalGW_10
2014	7	7	0.76554	0.222305281	#_	LarvalGW_10
2016	7	7	0.59932	0.272024194	#_	LarvalGW_10
2008	10	8	1.23634	0.186734501	#_	Trawl_E_12
2009	10	8	0.8658	0.149572554	#_	Trawl_E_12
2010	10	8	1.02333	0.163111926	#_	Trawl_E_12
2011	10	8	1.05659	0.246536522	#_	Trawl_E_12
2012	10	8	0.82077	0.209210014	#_	Trawl_E_12
2013	10	8	0.91981	0.210724872	#_	Trawl_E_12
2014	10	8	1.35993	0.135765748	#_	Trawl_E_12
2015	10	8	1.3514	0.132034341	#_	Trawl_E_12
2016	10	8	0.55877	0.245699269	#_	Trawl_E_12
2017	10	8	0.80725	0.157204164	#_	Trawl_E_12
1993	7	9	1.28705	0.120230033	#_	Video_GW_14
1994	7	9	1.19047	0.161987976	#_	Video_GW_14
1995	7	9	1.09163	0.204117123	#_	Video_GW_14
1996	7	9	0.89068	0.125271777	#_	Video_GW_14
1997	7	9	1.09129	0.119475937	#_	Video_GW_14
2002	7	9	0.8749	0.129240577	#_	Video_GW_14
2004	7	9	0.59729	0.136170447	#_	Video_GW_14
2005	7	9	0.49685	0.112738651	#_	Video_GW_14
2006	7	9	1.3068	0.092469357	#_	Video_GW_14
2007	7	9	1.13253	0.118389062	#_	Video_GW_14
2008	7	9	1.0301	0.104750144	#_	Video_GW_14
2009	7	9	1.94758	0.089130561	#_	Video_GW_14
2010	7	9	0.9671	0.083128573	#_	Video_GW_14
2011	7	9	0.72489	0.071437218	#_	Video_GW_14
2012	7	9	0.50768	0.08106563	#_	Video_GW_14
2013	7	9	0.74935	0.09233169	#_	Video_GW_14
2014	7	9	0.67959	0.082082596	#_	Video_GW_14
2015	7	9	1.13412	0.074128273	#_	Video_GW_14
2016	7	9	1.3527	0.069058118	#_	Video_GW_14
2017	7	9	0.94735	0.078269937	#_	Video_GW_14
-9999	1	1	1	1	#	terminator	for	survey	observations
#
3	#_N_fleets_with_discard
#_discard_units	(1=same_as_catchunits(bio/num);	2=fraction;	3=numbers)
#_discard_errtype:	>0	for	DF	of	T-dist(read	CV	below);	0	for
#	note,	only	have	units	and	errtype	for	fleets	with
#_Fleet	units	errtype
1	2	0	#	Rec_E_1
#2	2	0	#	Rec_W_2
2	2	0	#	Com_E_3
#4	2	0	#	Com_W_4
4	3	-2	#	Shrimp_Eff_6
#_yr	month	fleet	obs	CV
1981	7	1	0.109481	0.2	#_	Rec_E_1
1982	7	1	0.137407	0.2	#_	Rec_E_1
1983	7	1	0.608972	0.2	#_	Rec_E_1
1984	7	1	0.552995	0.2	#_	Rec_E_1
1986	7	1	0.186782	0.2	#_	Rec_E_1
1987	7	1	0.203087	0.2	#_	Rec_E_1
1988	7	1	0.18196	0.2	#_	Rec_E_1
1989	7	1	0.228608	0.2	#_	Rec_E_1
1990	7	1	0.214485	0.2	#_	Rec_E_1
1992	7	1	0.160562	0.2	#_	Rec_E_1
1993	7	1	0.239288	0.2	#_	Rec_E_1
1994	7	1	0.150051	0.2	#_	Rec_E_1
1995	7	1	0.162011	0.2	#_	Rec_E_1
1996	7	1	0.438472	0.2	#_	Rec_E_1
1997	7	1	0.327423	0.2	#_	Rec_E_1
1998	7	1	0.488114	0.2	#_	Rec_E_1
1999	7	1	0.410483	0.2	#_	Rec_E_1
2000	7	1	0.282114	0.2	#_	Rec_E_1
2001	7	1	0.436235	0.2	#_	Rec_E_1
2002	7	1	0.436567	0.2	#_	Rec_E_1
2003	7	1	0.278849	0.2	#_	Rec_E_1
2004	7	1	0.401428	0.2	#_	Rec_E_1
2005	7	1	0.29632	0.2	#_	Rec_E_1
2006	7	1	0.371195	0.2	#_	Rec_E_1
2007	7	1	0.605488	0.2	#_	Rec_E_1
2008	7	1	0.463542	0.2	#_	Rec_E_1
2009	7	1	0.666686	0.2	#_	Rec_E_1
2010	7	1	0.632404	0.2	#_	Rec_E_1
2011	7	1	0.538452	0.2	#_	Rec_E_1
2012	7	1	0.769993	0.2	#_	Rec_E_1
2013	7	1	0.710541	0.2	#_	Rec_E_1
2014	7	1	0.818904	0.2	#_	Rec_E_1
2015	7	1	0.971906	0.2	#_	Rec_E_1
2016	7	1	0.882362	0.2	#_	Rec_E_1
2017	7	1	0.976227	0.2	#_	Rec_E_1
2000	7	2	0.00944203	0.2	#_	Com_E_3
2001	7	2	0.00889283	0.2	#_	Com_E_3
2002	7	2	0.00937089	0.2	#_	Com_E_3
2003	7	2	0.0106649	0.2	#_	Com_E_3
2004	7	2	0.00914686	0.2	#_	Com_E_3
2005	7	2	0.0104115	0.2	#_	Com_E_3
2006	7	2	0.0097953	0.2	#_	Com_E_3
2007	7	2	0.0159528	0.2	#_	Com_E_3
2008	7	2	0.00530697	0.2	#_	Com_E_3
2009	7	2	0.342998	0.2	#_	Com_E_3
2010	7	2	0.225341	0.2	#_	Com_E_3
2011	7	2	0.25038	0.2	#_	Com_E_3
2012	7	2	0.433214	0.2	#_	Com_E_3
2013	7	2	0.237241	0.2	#_	Com_E_3
2014	7	2	0.297699	0.2	#_	Com_E_3
2015	7	2	0.271511	0.2	#_	Com_E_3
2016	7	2	0.423361	0.2	#_	Com_E_3
2017	7	2	0.544818	0.2	#_	Com_E_3

#
1946	-7	4	153	0.1	#_	Shrimp_bycatch_East_Only
1947	7	-4	5	0.1	#_	Shrimp_bycatch_East_Only
1948	7	-4	12	0.1	#_	Shrimp_bycatch_East_Only
1949	7	-4	20	0.1	#_	Shrimp_bycatch_East_Only
1950	7	-4	46	0.1	#_	Shrimp_bycatch_East_Only
1951	7	-4	62	0.1	#_	Shrimp_bycatch_East_Only
1952	7	-4	74	0.1	#_	Shrimp_bycatch_East_Only
1953	7	-4	77	0.1	#_	Shrimp_bycatch_East_Only
1954	7	-4	100	0.1	#_	Shrimp_bycatch_East_Only
1955	7	-4	105	0.1	#_	Shrimp_bycatch_East_Only
1956	7	-4	134	0.1	#_	Shrimp_bycatch_East_Only
1957	7	-4	153	0.1	#_	Shrimp_bycatch_East_Only
1958	7	-4	187	0.1	#_	Shrimp_bycatch_East_Only
1959	7	-4	202	0.1	#_	Shrimp_bycatch_East_Only
1960	7	-4	202	0.1	#_	Shrimp_bycatch_East_Only
1961	7	-4	153	0.1	#_	Shrimp_bycatch_East_Only
1962	7	-4	147	0.1	#_	Shrimp_bycatch_East_Only
1963	7	-4	168	0.1	#_	Shrimp_bycatch_East_Only
1964	7	-4	177	0.1	#_	Shrimp_bycatch_East_Only
1965	7	-4	197	0.1	#_	Shrimp_bycatch_East_Only
1966	7	-4	194	0.1	#_	Shrimp_bycatch_East_Only
1967	7	-4	211	0.1	#_	Shrimp_bycatch_East_Only
1968	7	-4	215	0.1	#_	Shrimp_bycatch_East_Only
1969	7	-4	244	0.1	#_	Shrimp_bycatch_East_Only
1970	7	-4	230	0.1	#_	Shrimp_bycatch_East_Only
1971	-7	-4	219	0.1	#_	Shrimp_bycatch_East_Only
1972	-7	4	1116	0.1	#_	Shrimp_bycatch_East_Only
1973	7	-4	493	0.1	#_	Shrimp_bycatch_East_Only
1974	7	-4	430	0.1	#_	Shrimp_bycatch_East_Only
1975	7	-4	244	0.1	#_	Shrimp_bycatch_East_Only
1976	7	-4	85	0.1	#_	Shrimp_bycatch_East_Only
1977	7	-4	601	0.1	#_	Shrimp_bycatch_East_Only
1978	7	-4	314	0.1	#_	Shrimp_bycatch_East_Only
1979	7	-4	455	0.1	#_	Shrimp_bycatch_East_Only
1980	7	-4	348	0.1	#_	Shrimp_bycatch_East_Only
1981	7	-4	438	0.1	#_	Shrimp_bycatch_East_Only
1982	7	-4	563	0.1	#_	Shrimp_bycatch_East_Only
1983	7	-4	359	0.1	#_	Shrimp_bycatch_East_Only
1984	7	-4	334	0.1	#_	Shrimp_bycatch_East_Only
1985	7	-4	279	0.1	#_	Shrimp_bycatch_East_Only
1986	7	-4	802	0.1	#_	Shrimp_bycatch_East_Only
1987	7	-4	947	0.1	#_	Shrimp_bycatch_East_Only
1988	7	-4	535	0.1	#_	Shrimp_bycatch_East_Only
1989	7	-4	1285	0.1	#_	Shrimp_bycatch_East_Only
1990	7	-4	509	0.1	#_	Shrimp_bycatch_East_Only
1991	7	-4	2567	0.1	#_	Shrimp_bycatch_East_Only
1992	7	-4	835	0.1	#_	Shrimp_bycatch_East_Only
1993	7	-4	745	0.1	#_	Shrimp_bycatch_East_Only
1994	7	-4	479	0.1	#_	Shrimp_bycatch_East_Only
1995	7	-4	1988	0.1	#_	Shrimp_bycatch_East_Only
1996	7	-4	1967	0.1	#_	Shrimp_bycatch_East_Only
1997	7	-4	1187	0.1	#_	Shrimp_bycatch_East_Only
1998	7	-4	414	0.1	#_	Shrimp_bycatch_East_Only
1999	7	-4	707	0.1	#_	Shrimp_bycatch_East_Only
2000	7	-4	1021	0.1	#_	Shrimp_bycatch_East_Only
2001	-7	-4	1741	0.1	#_	Shrimp_bycatch_East_Only
2002	-7	4	237	0.1	#_	Shrimp_bycatch_East_Only
2003	7	-4	343	0.1	#_	Shrimp_bycatch_East_Only
2004	7	-4	296	0.1	#_	Shrimp_bycatch_East_Only
2005	7	-4	223	0.1	#_	Shrimp_bycatch_East_Only
2006	7	-4	258	0.1	#_	Shrimp_bycatch_East_Only
2007	7	-4	100	0.1	#_	Shrimp_bycatch_East_Only
2008	7	-4	155	0.1	#_	Shrimp_bycatch_East_Only
2009	7	-4	109	0.1	#_	Shrimp_bycatch_East_Only
2010	7	-4	101	0.1	#_	Shrimp_bycatch_East_Only
2011	7	-4	145	0.1	#_	Shrimp_bycatch_East_Only
2012	7	-4	166	0.1	#_	Shrimp_bycatch_East_Only
2013	7	-4	81	0.1	#_	Shrimp_bycatch_East_Only
2014	7	-4	87	0.1	#_	Shrimp_bycatch_East_Only
2015	7	-4	97	0.1	#_	Shrimp_bycatch_East_Only
2016	7	-4	35	0.1	#_	Shrimp_bycatch_East_Only
2017	-7	-4	120	0.1	#_	Shrimp_bycatch_East_Only
-9999	0	0	0	0	#	terminator	for	discard	data

0 #_use meanbodysize_data (0/1)
#_COND_20 #_DF_for_meanbodysize_T-distribution_like
# note:  type=1 for mean length; type=2 for mean body weight 
#_yr month fleet part type obs stderr
#  -9999 0 0 0 0 0 # terminator for mean body size data 
#
# set up population length bin structure (note - irrelevant if not using size data and using empirical wtatage
1 # length bin method: 1=use databins; 2=generate from binwidth,min,max below; 2=read vector
# no additional input for option 1
# read binwidth, minsize, lastbin size for option 2
# read N poplen bins, then vector of bin lower boundaries, for option 2
1 # use length composition data (0/1)
#_mintailcomp: upper and lower distribution for females and males separately are accumulated until exceeding this level.
#_addtocomp:  after accumulation of tails; this value added to all bins
#_males and females treated as combined gender below this bin number 
#_compressbins: accumulate upper tail by this number of bins; acts simultaneous with mintailcomp; set=0 for no forced accumulation
#_Comp_Error:  0=multinomial, 1=dirichlet
#_Comp_Error2:  parm number  for dirichlet
#_minsamplesize: minimum sample size; set to 1 to match 2.24, minimum value is 0.001
#_mintailcomp addtocomp combM+F CompressBins CompError ParmSelect minsamplesize
-0.001 1e-07 1 0 0 0 1 #_fleet:1_Rec_E_1
#-0.001 1e-07 1 0 0 0 1 #_fleet:2_Rec_W_2
-0.001 1e-07 1 0 0 0 1 #_fleet:2_Com_E_2
#-0.001 1e-07 1 0 0 0 1 #_fleet:4_Com_W_4
-0.001 1e-07 1 0 0 0 1 #_fleet:5_Com_LL_5
-0.001 1e-07 1 0 0 0 1 #_fleet:6_Shrimp_Eff_6
-0.001 1e-07 1 0 0 0 1 #_fleet:7_MRFSS_7
-0.001 1e-07 1 0 0 0 1 #_fleet:8_HB_E_8
#-0.001 1e-07 1 0 0 0 1 #_fleet:9_HB_W_9
-0.001 1e-07 1 0 0 0 1 #_fleet:10_LarvalGW_10
#-0.001 1e-07 1 0 0 0 1 #_fleet:11_SEAMAP_Trawl_GW_11
-0.001 1e-07 1 0 0 0 1 #_fleet:12_SEAMAP_Trawl_E_12
#-0.001 1e-07 1 0 0 0 1 #_fleet:12_SEAMAP_Trawl_W_12
-0.001 1e-07 1 0 0 0 1 #_fleet:14_Video_GW_14
# sex codes:  0=combined; 1=use female only; 2=use male only; 2=use both as joint sexxlength distribution
# partition codes:  (0=combined; 1=discard; 2=retained
43	#_N_LengthBins;	then	enter	lower	edge	of	each	length	bin
	2	4	6	8	10	12	14	16	18	20	22	24	26	28	30	32	34	36	38	40	42	44	46	48	50	52	54	56	58	60	62	64	66	68	70	72	74	76	78	80	82	84	86
#_yr	month	fleet	sex	part	Nsamp	datavector(female-male)
	1981	7	1	0	2	8.24621	0	0	0	0	0	0	0	0	0	0	0	1	3	5	20	11	5	6	5	5	1	4	0	0	0	0	0	0	1	0	1	0	0	0	0	0	0	0	0	0	0	0	0
	1982	7	1	0	2	13.1909	0	0	0	0	0	0	0	0	1	0	4	10	3	11	18	50	24	8	18	9	6	4	1	2	2	1	1	0	1	0	0	0	0	0	0	0	0	0	0	0	0	0	0
	1983	7	1	0	2	11.2694	0	0	0	0	0	0	0	0	0	0	0	1	1	5	21	19	23	31	8	7	4	2	0	2	0	1	0	1	1	0	0	0	0	0	0	0	0	0	0	0	0	0	0
	1984	7	1	0	2	5.91608	0	0	0	0	0	0	0	0	0	0	0	0	3	4	7	7	6	2	0	0	1	0	0	0	1	1	0	1	1	0	0	0	0	0	0	0	0	0	0	0	0	0	0
	1985	7	1	0	2	5.47723	0	0	0	0	0	0	0	0	0	1	0	0	0	3	2	4	3	4	2	2	3	3	0	0	0	3	0	0	0	0	0	0	0	0	0	0	0	0	0	0	0	0	0
	1986	7	1	0	2	18.6815	0	0	0	0	0	0	0	0	0	0	1	3	16	32	40	45	48	40	36	18	19	12	9	8	9	4	4	2	2	1	0	0	0	0	0	0	0	0	0	0	0	0	0
	1987	7	1	0	2	26.9629	0	0	0	0	0	0	1	0	0	3	10	28	52	62	90	102	91	61	57	37	32	26	20	22	12	14	6	2	0	0	0	0	0	0	0	0	0	0	0	0	0	0	0
	1988	7	1	0	2	28.5657	0	0	0	0	0	0	0	0	0	0	9	14	62	76	121	107	101	87	65	51	35	30	14	18	9	5	5	1	3	0	1	1	0	0	0	0	0	0	0	0	0	0	0
	1989	7	1	0	2	35.2278	0	0	0	0	0	0	0	0	0	5	22	84	136	225	152	156	102	113	76	39	34	25	20	22	8	11	6	2	2	1	0	0	0	0	0	0	0	0	0	0	0	0	0
	1990	7	1	0	2	43.4626	0	0	0	0	0	0	0	0	0	0	21	86	167	356	306	310	220	169	84	67	24	24	16	18	9	3	5	3	1	0	0	0	0	0	0	0	0	0	0	0	0	0	0
	1991	7	1	0	2	43.9886	0	0	0	0	0	0	0	1	1	2	18	66	125	213	261	313	277	203	120	120	69	51	39	22	18	10	4	2	0	0	0	0	0	0	0	0	0	0	0	0	0	0	0
	1992	7	1	0	2	49.7192	0	0	0	0	0	0	0	0	0	3	16	83	145	255	370	392	372	301	156	117	85	65	37	29	18	12	5	5	4	1	1	0	0	0	0	0	0	0	0	0	0	0	0
	1993	7	1	0	2	32.7872	0	0	0	0	0	0	0	0	0	1	3	26	69	140	177	161	149	107	91	55	24	19	17	6	8	8	11	2	1	0	0	0	0	0	0	0	0	0	0	0	0	0	0
	1994	7	1	0	2	35.4965	0	0	0	0	0	0	0	1	0	1	13	39	141	189	219	176	145	100	79	59	40	19	14	11	6	1	0	6	1	0	0	0	0	0	0	0	0	0	0	0	0	0	0
	1995	7	1	0	2	34.0588	0	0	0	0	0	0	0	0	0	1	8	29	91	175	220	215	158	100	56	42	25	10	13	4	3	8	2	0	0	0	0	0	0	0	0	0	0	0	0	0	0	0	0
	1996	7	1	0	2	29.7153	0	0	0	0	0	0	0	0	0	0	1	20	58	127	165	163	118	88	59	35	19	9	11	3	0	4	1	1	0	1	0	0	0	0	0	0	0	0	0	0	0	0	0
	1997	7	1	0	2	36.8646	0	0	0	0	0	0	0	0	0	0	4	22	107	217	257	181	161	112	96	58	43	37	25	13	11	5	4	2	3	0	0	1	0	0	0	0	0	0	0	0	0	0	0
	1998	7	1	0	2	49.6286	0	0	0	0	0	0	0	0	1	0	0	14	112	416	520	430	319	245	133	94	71	42	18	17	7	8	11	2	3	0	0	0	0	0	0	0	0	0	0	0	0	0	0
	1999	7	1	0	2	52.0673	0	0	0	0	0	0	0	0	0	0	0	19	137	372	565	508	400	263	176	113	74	31	17	14	9	5	3	4	0	1	0	0	0	0	0	0	0	0	0	0	0	0	0
	2000	7	1	0	2	52.0288	0	0	0	0	0	0	0	0	0	0	3	26	157	390	400	404	365	304	232	139	109	69	58	25	6	15	3	2	0	0	0	0	0	0	0	0	0	0	0	0	0	0	0
	2001	7	1	0	2	58.7452	0	0	0	0	0	0	0	0	0	0	1	19	187	679	740	552	396	286	187	160	114	47	37	24	8	8	2	1	0	1	1	1	0	0	0	0	0	0	0	0	0	0	0
	2002	7	1	0	2	59.0762	0	0	0	0	0	0	0	0	0	0	0	12	123	530	677	667	470	364	238	138	94	59	42	24	25	16	6	5	0	0	0	0	0	0	0	0	0	0	0	0	0	0	0
	2003	7	1	0	2	55.6507	0	0	0	0	0	0	0	0	0	0	0	15	153	493	578	499	452	307	213	162	81	57	35	25	18	6	2	1	0	0	0	0	0	0	0	0	0	0	0	0	0	0	0
	2004	7	1	0	2	58	0	0	0	0	0	0	0	0	0	0	2	7	23	139	478	612	585	491	358	266	168	86	61	32	27	8	16	3	1	1	0	0	0	0	0	0	0	0	0	0	0	0	0
	2005	7	1	0	2	49.5379	0	0	0	0	0	0	0	0	0	0	1	8	126	390	500	429	318	244	147	108	80	47	22	14	9	2	5	3	1	0	0	0	0	0	0	0	0	0	0	0	0	0	0
	2006	7	1	0	2	36.7831	0	0	0	0	0	0	0	0	0	0	2	5	70	175	239	247	204	148	107	52	34	27	9	16	11	5	1	0	1	0	0	0	0	0	0	0	0	0	0	0	0	0	0
	2007	7	1	0	2	35.9305	0	0	0	0	0	0	0	0	0	0	1	1	34	107	148	287	244	155	115	78	45	32	12	11	9	4	6	0	1	1	0	0	0	0	0	0	0	0	0	0	0	0	0
	2008	7	1	0	2	34.6554	0	0	0	0	0	0	0	0	0	0	0	0	4	42	113	259	238	172	127	86	69	41	24	10	9	5	0	0	0	2	0	0	0	0	0	0	0	0	0	0	0	0	0
	2009	7	1	0	2	28.8097	0	0	0	0	0	0	0	0	0	0	0	2	2	7	20	62	114	151	169	118	62	45	28	21	14	7	6	1	0	0	1	0	0	0	0	0	0	0	0	0	0	0	0
	2010	7	1	0	2	31.4484	0	0	0	0	0	0	0	0	0	0	0	0	0	3	9	24	58	219	260	165	102	57	35	21	10	14	7	5	0	0	0	0	0	0	0	0	0	0	0	0	0	0	0
	2011	7	1	0	2	39.3319	0	0	0	0	0	0	0	0	0	0	0	0	1	2	10	33	76	320	433	255	135	119	61	37	31	13	10	6	0	1	1	2	0	0	0	0	0	0	0	0	0	0	0
	2012	7	1	0	2	24.1454	0	0	0	0	0	0	0	0	0	0	0	0	0	2	2	6	16	110	161	113	68	38	30	18	7	5	4	1	0	0	0	0	1	0	0	0	0	0	0	0	0	0	0
	2013	7	1	0	2	30.0666	0	0	0	0	0	0	0	0	0	0	0	0	0	1	1	8	40	175	238	147	87	49	55	43	24	15	10	8	1	2	0	0	0	0	0	0	0	0	0	0	0	0	0
	2014	7	1	0	2	19.9499	0	0	0	0	0	0	0	0	0	2	4	4	0	1	2	8	25	70	83	55	38	24	25	15	15	13	8	5	1	0	0	0	0	0	0	0	0	0	0	0	0	0	0
	2015	7	1	0	2	10.0995	0	0	0	0	0	0	0	0	0	0	0	1	0	0	6	2	11	24	16	10	11	5	3	4	4	0	3	1	0	0	0	1	0	0	0	0	0	0	0	0	0	0	0
	2016	7	1	0	2	50.8035	0	0	0	0	0	0	0	0	0	0	0	0	0	0	3	16	35	423	696	461	334	245	163	77	58	42	13	13	1	1	0	0	0	0	0	0	0	0	0	0	0	0	0
	2017	7	1	0	2	15.6525	0	0	0	0	0	0	0	0	0	0	0	0	0	2	2	2	6	32	62	49	28	24	22	12	1	0	1	2	0	0	0	0	0	0	0	0	0	0	0	0	0	0	0
#	2005	7	1	0	1	14.2127	0	0	0	0	0	3	9	48	96	30	10	1	0	0	2	1	0	0	2	0	0	0	0	0	0	0	0	0	0	0	0	0	0	0	0	0	0	0	0	0	0	0	0
#	2006	7	1	0	1	14.4222	0	0	0	0	0	0	14	29	59	58	32	11	4	0	1	0	0	0	0	0	0	0	0	0	0	0	0	0	0	0	0	0	0	0	0	0	0	0	0	0	0	0	0
#	2007	7	1	0	1	12.8841	0	0	0	0	0	0	7	17	33	49	46	11	0	1	1	0	0	0	0	0	0	0	0	1	0	0	0	0	0	0	0	0	0	0	0	0	0	0	0	0	0	0	0
	2009	7	1	0	1	14.4914	0	0	0	0	0	0	0	0	3	3	13	18	34	43	51	29	13	2	0	1	0	0	0	0	0	0	0	0	0	0	0	0	0	0	0	0	0	0	0	0	0	0	0
	2010	7	1	0	1	17.7764	0	0	0	0	0	0	0	2	6	10	28	31	41	58	47	57	30	2	1	1	2	0	0	0	0	0	0	0	0	0	0	0	0	0	0	0	0	0	0	0	0	0	0
	2011	7	1	0	1	28.0891	0	0	0	0	0	0	0	5	7	25	31	66	129	140	131	167	84	1	1	0	0	0	0	1	0	0	0	1	0	0	0	0	0	0	0	0	0	0	0	0	0	0	0
	2012	7	1	0	1	26.9444	0	0	0	0	0	0	1	1	3	18	34	103	111	119	109	101	52	31	21	12	5	2	2	0	1	0	0	0	0	0	0	0	0	0	0	0	0	0	0	0	0	0	0
	2013	7	1	0	1	25.3574	0	0	0	0	0	0	1	2	7	16	41	56	82	130	104	115	48	15	10	7	4	3	0	0	2	0	0	0	0	0	0	0	0	0	0	0	0	0	0	0	0	0	0
	2014	7	1	0	1	12.083	0	0	0	0	0	0	1	1	3	13	22	24	31	25	10	5	6	3	0	0	1	0	0	1	0	0	0	0	0	0	0	0	0	0	0	0	0	0	0	0	0	0	0
	2015	7	1	0	1	41.4608	0	0	0	0	0	1	10	12	30	70	132	179	225	275	273	217	115	67	46	28	18	5	5	5	4	0	1	0	1	0	0	0	0	0	0	0	0	0	0	0	0	0	0
	2016	7	1	0	1	50.3587	0	0	0	0	0	0	6	15	40	101	197	314	421	458	347	289	167	79	48	28	9	5	5	2	3	0	0	1	1	0	0	0	0	0	0	0	0	0	0	0	0	0	0
	2017	7	1	0	1	43.566	0	0	0	0	1	0	1	6	18	41	81	149	193	269	251	271	232	140	98	66	40	22	15	3	1	0	0	0	0	0	0	0	0	0	0	0	0	0	0	0	0	0	0
	-1989	7	2	0	2	1	0	0	0	0	0	0	0	0	0	0	0	0	0	0	0	0	1	0	0	0	0	0	0	0	0	0	0	0	0	0	0	0	0	0	0	0	0	0	0	0	0	0	0
	1990	7	2	0	2	7.61577	0	0	0	0	0	0	0	0	0	0	0	0	1	13	7	9	5	3	4	1	1	1	2	3	1	3	0	2	1	0	0	0	1	0	0	0	0	0	0	0	0	0	0
	-1991	7	2	0	2	3	0	0	0	0	0	0	0	0	0	0	0	0	0	0	0	1	0	0	1	0	0	1	1	0	1	2	1	0	0	1	0	0	0	0	0	0	0	0	0	0	0	0	0
	1992	7	2	0	2	10.3923	0	0	0	0	0	0	0	1	1	0	0	5	20	15	10	7	11	9	8	6	4	2	1	2	4	1	1	0	1	0	0	0	0	0	0	0	0	0	0	0	0	0	0
	1993	7	2	0	2	28.688	0	0	0	0	0	0	0	0	0	4	11	16	41	88	123	147	145	90	53	43	18	14	8	7	3	3	4	5	0	0	0	0	0	0	0	0	0	0	0	0	0	0	0
	1994	7	2	0	2	38.7298	0	0	0	0	0	0	0	1	1	3	17	42	160	233	245	210	193	126	94	64	41	26	14	10	7	5	7	2	0	0	0	0	0	0	0	0	0	0	0	0	0	0	0
	1995	7	2	0	2	39.724	0	0	0	0	0	0	0	0	0	0	6	48	169	293	269	206	179	144	101	59	37	25	15	8	6	2	3	1	0	1	1	2	3	0	0	0	0	0	0	0	0	0	0
	1996	7	2	0	2	38.7556	0	0	0	0	0	0	0	4	19	13	6	76	166	226	233	194	189	131	97	59	46	14	17	6	6	2	1	1	0	0	0	0	0	0	0	0	0	0	0	0	0	0	0
	1997	7	2	0	2	33.7046	0	0	0	0	0	0	0	0	0	4	36	62	105	161	176	176	156	93	74	39	27	15	4	3	5	0	0	0	0	0	0	0	0	0	0	0	0	0	0	0	0	0	0
	1998	7	2	0	2	29.5804	0	0	0	0	0	0	0	1	1	4	13	54	130	178	150	116	78	45	37	14	17	4	9	2	5	2	7	4	0	0	0	0	0	2	2	1	0	0	0	0	0	0	0
	1999	7	2	0	2	29.4109	0	0	0	0	0	0	0	0	0	2	4	8	47	123	146	165	111	82	64	43	21	13	6	5	6	3	6	7	2	1	0	0	0	0	0	0	0	0	0	0	0	0	0
	2000	7	2	0	2	21.1424	0	0	0	0	0	0	0	1	1	0	2	4	17	69	78	90	61	41	34	16	13	4	1	10	4	0	0	1	1	0	0	0	0	0	0	0	0	0	0	0	0	0	0
	2001	7	2	0	2	33.7343	0	0	0	0	0	0	0	0	0	4	8	38	106	165	196	192	156	119	66	25	20	17	11	5	4	2	2	2	0	0	0	0	0	0	0	0	0	0	0	0	0	0	0
	2002	7	2	0	2	26.4197	0	0	0	0	0	0	0	0	0	0	5	20	56	144	167	90	87	43	37	17	15	8	2	4	1	0	2	0	0	0	0	0	0	0	0	0	0	0	0	0	0	0	0
	2003	7	2	0	2	22.4722	0	0	0	0	0	0	1	0	0	1	6	17	37	70	92	56	60	50	31	38	18	13	3	3	5	2	3	0	0	0	0	0	0	0	0	0	0	0	0	0	0	0	0
	2004	7	2	0	2	15.1327	0	0	0	0	0	0	0	0	0	0	1	0	10	27	27	41	24	29	24	14	11	5	6	7	2	0	0	0	1	0	0	0	0	0	0	0	0	0	0	0	0	0	0
	2005	7	2	0	2	18.3303	0	0	0	0	0	0	0	0	0	0	0	2	9	27	38	45	44	39	31	39	30	8	7	3	7	4	3	0	0	0	0	0	0	0	0	0	0	0	0	0	0	0	0
	2006	7	2	0	2	17.8606	0	0	0	0	0	0	0	0	0	1	2	0	1	8	29	79	59	37	25	24	11	12	9	8	6	4	2	2	0	0	0	0	0	0	0	0	0	0	0	0	0	0	0
	2007	7	2	0	2	10.583	0	0	0	0	0	0	0	0	0	2	0	0	0	5	11	14	14	23	13	12	7	2	4	2	1	2	0	0	0	0	0	0	0	0	0	0	0	0	0	0	0	0	0
	2008	7	2	0	2	9.16515	0	0	0	0	0	0	0	0	0	0	0	0	0	0	4	11	13	17	12	5	8	7	3	1	1	1	0	0	1	0	0	0	0	0	0	0	0	0	0	0	0	0	0
	2009	7	2	0	2	12	0	0	0	0	0	0	0	0	0	0	0	0	0	1	2	3	11	16	11	22	21	21	8	11	10	3	2	2	0	0	0	0	0	0	0	0	0	0	0	0	0	0	0
	2010	7	2	0	2	12.9228	0	0	0	0	0	0	0	0	0	0	0	0	0	4	8	21	36	26	23	13	9	2	11	5	5	3	1	0	0	0	0	0	0	0	0	0	0	0	0	0	0	0	0
	2011	7	2	0	2	16.4621	0	0	0	0	0	0	0	0	0	0	0	0	0	3	10	30	29	35	39	37	18	25	16	11	12	5	1	0	0	0	0	0	0	0	0	0	0	0	0	0	0	0	0
	2012	7	2	0	2	10.9087	0	0	0	0	0	0	0	0	0	0	0	0	0	1	1	3	12	22	19	8	15	14	8	6	4	4	1	1	0	0	0	0	0	0	0	0	0	0	0	0	0	0	0
	2013	7	2	0	2	13.8924	0	0	0	0	0	0	0	0	0	0	0	0	2	1	0	7	5	17	18	19	22	20	24	22	15	14	4	3	0	0	0	0	0	0	0	0	0	0	0	0	0	0	0
	2014	7	2	0	2	12.2882	0	0	0	0	0	0	0	0	0	0	0	0	1	1	5	8	16	23	18	24	16	14	3	10	7	5	0	0	0	0	0	0	0	0	0	0	0	0	0	0	0	0	0
	2015	7	2	0	2	21.9773	0	0	0	0	0	0	0	0	0	0	0	0	0	0	3	13	32	64	72	66	47	50	32	34	27	16	21	5	0	1	0	0	0	0	0	0	0	0	0	0	0	0	0
	2016	7	2	0	2	25.3574	0	0	0	0	0	0	0	0	0	0	0	0	0	1	2	7	21	69	86	83	78	70	70	46	41	21	22	18	5	1	2	0	0	0	0	0	0	0	0	0	0	0	0
	2017	7	2 0	2	23.7908	0	0	0	0	0	0	0	0	0	0	0	0	0	2	3	5	11	36	55	79	64	74	64	80	52	27	7	3	1	1	2	0	0	0	0	0	0	0	0	0	0	0	0
	-2006	7 2	0	1	1.41421	0	0	0	0	0	0	0	0	0	0	0	0	1	0	0	0	0	1	0	0	0	0	0	0	0	0	0	0	0	0	0	0	0	0	0	0	0	0	0	0	0	0	0
	2007	7	2 0	1	4.24264	0	0	0	0	0	0	0	0	0	1	0	0	2	6	4	1	3	1	0	0	0	0	0	0	0	0	0	0	0	0	0	0	0	0	0	0	0	0	0	0	0	0	0
	-2008	7 2	0	1	1.73205	0	0	0	0	0	0	0	0	0	0	0	1	2	0	0	0	0	0	0	0	0	0	0	0	0	0	0	0	0	0	0	0	0	0	0	0	0	0	0	0	0	0	0
	2009	7	2	0	1	5	0	0	0	0	0	0	0	0	0	0	0	0	0	1	4	2	13	4	1	0	0	0	0	0	0	0	0	0	0	0	0	0	0	0	0	0	0	0	0	0	0	0	0
	2010	7	2	0	1	7.81025	0	0	0	0	0	0	0	0	0	0	0	2	3	6	14	16	9	4	3	3	0	1	0	0	0	0	0	0	0	0	0	0	0	0	0	0	0	0	0	0	0	0	0
	2011	7	2	0	1	12.5698	0	0	0	0	0	0	0	0	0	0	1	1	4	13	34	45	54	3	2	1	0	0	0	0	0	0	0	0	0	0	0	0	0	0	0	0	0	0	0	0	0	0	0
	2012	7	2	0	1	29.7658	0	0	0	0	0	0	0	2	1	0	3	1	22	59	168	211	121	55	48	37	37	32	31	22	17	13	3	1	0	0	1	1	0	0	0	0	0	0	0	0	0	0	0
	2013	7	2	0	1	14.8661	0	0	0	0	0	0	0	0	0	0	0	0	7	22	62	52	38	3	4	6	9	4	3	6	3	0	1	0	0	0	1	0	0	0	0	0	0	0	0	0	0	0	0
	2014	7	2	0	1	11.6619	0	0	0	0	0	0	0	0	0	0	1	2	7	13	27	24	24	10	9	5	2	2	2	1	0	2	2	1	1	1	0	0	0	0	0	0	0	0	0	0	0	0	0
	2015	7	2	0	1	17.5784	0	0	0	0	0	0	0	0	0	1	1	8	7	28	27	70	48	37	17	17	11	10	5	11	5	3	1	1	0	1	0	0	0	0	0	0	0	0	0	0	0	0	0
	2016	7	2	0	1	19.8494	0	0	0	0	0	0	0	0	2	2	3	10	12	15	48	62	71	56	47	27	17	5	3	5	4	3	1	0	0	0	0	0	1	0	0	0	0	0	0	0	0	0	0
	2017	7	2	0	1	17.0294	0	0	0	0	0	0	0	0	0	0	0	1	0	6	22	24	47	43	36	20	26	18	17	6	11	5	4	2	2	0	0	0	0	0	0	0	0	0	0	0	0	0	0
	1990	7	3	0	0	7.2111	0	0	0	0	0	0	0	0	0	0	0	1	0	7	7	5	2	1	0	2	1	1	3	3	0	7	5	4	1	1	1	0	0	0	0	0	0	0	0	0	0	0	0
	1991	7	3	0	0	7.61577	0	0	0	0	0	0	0	0	0	0	0	0	1	0	0	0	1	2	2	0	0	0	0	5	2	6	11	10	2	6	3	3	0	0	0	2	2	0	0	0	0	0	0
	1992	7	3	0	0	5	0	0	0	0	0	0	0	0	0	0	0	0	0	0	0	0	0	0	0	2	2	0	1	2	3	2	3	3	3	1	1	2	0	0	0	0	0	0	0	0	0	0	0
	1993	7	3	0	0	6.55744	0	0	0	0	0	0	0	0	0	0	0	0	0	0	0	1	0	4	0	1	1	2	4	1	5	6	5	6	4	1	1	0	0	1	0	0	0	0	0	0	0	0	0
	1994	7	3	0	0	5.19615	0	0	0	0	0	0	0	0	0	0	0	0	0	0	0	0	0	1	1	2	2	4	2	2	2	4	4	1	2	0	0	0	0	0	0	0	0	0	0	0	0	0	0
	1995	7	3	0	0	4.3589	0	0	0	0	0	0	0	0	0	0	0	1	0	2	2	0	2	2	1	1	1	0	3	0	2	1	0	1	0	0	0	0	0	0	0	0	0	0	0	0	0	0	0
	1996	7	3	0	0	6.08276	0	0	0	0	0	0	0	0	0	0	1	1	0	1	2	0	1	0	2	0	3	2	2	6	6	6	1	2	0	1	0	0	0	0	0	0	0	0	0	0	0	0	0
	1997	7	3	0	0	6.78233	0	0	0	0	0	0	0	0	0	0	0	2	6	18	9	3	2	0	0	0	0	0	0	0	1	0	1	2	1	1	0	0	0	0	0	0	0	0	0	0	0	0	0
	1998	7	3	0	0	7.81025	0	0	0	0	0	0	0	0	0	0	1	5	6	6	3	1	0	0	2	0	0	4	3	3	5	3	6	3	7	2	0	1	0	0	0	0	0	0	0	0	0	0	0
	1999	7	3	0	0	6.9282	0	0	0	0	0	0	0	0	0	0	0	0	1	0	0	4	3	2	0	1	1	1	3	1	4	7	3	8	6	3	0	0	0	0	0	0	0	0	0	0	0	0	0
	2000	7	3	0	0	5.38516	0	0	0	0	0	0	0	0	0	0	0	0	0	0	0	0	0	0	0	0	1	2	1	3	2	2	4	6	3	4	1	0	0	0	0	0	0	0	0	0	0	0	0
	2001	7	3	0	0	5.65685	0	0	0	0	0	0	0	0	0	0	0	0	0	0	0	0	0	0	1	0	4	1	2	5	5	1	5	3	3	2	0	0	0	0	0	0	0	0	0	0	0	0	0
	2002	7	3	0	0	7.54983	0	0	0	0	0	0	0	0	0	0	0	0	0	0	0	2	1	4	2	3	3	3	5	5	7	5	9	4	2	2	0	0	0	0	0	0	0	0	0	0	0	0	0
	2003	7	3	0	0	6.9282	0	0	0	0	0	0	0	0	0	0	0	0	0	0	0	0	0	1	2	1	3	2	4	7	3	8	2	10	2	0	3	0	0	0	0	0	0	0	0	0	0	0	0
	2004	7	3	0	0	5.19615	0	0	0	0	0	0	0	0	0	0	0	0	0	0	0	0	1	0	0	2	2	4	2	2	4	4	3	3	0	0	0	0	0	0	0	0	0	0	0	0	0	0	0
	2005	7	3	0	0	8.12404	0	0	0	0	0	0	0	0	0	0	0	0	0	0	3	7	4	4	5	0	1	2	3	6	13	5	4	3	4	1	0	1	0	0	0	0	0	0	0	0	0	0	0
	2006	7	3	0	0	7.61577	0	0	0	0	0	0	0	0	0	0	0	0	0	0	0	0	0	1	0	3	2	2	4	6	7	8	8	8	4	2	2	0	1	0	0	0	0	0	0	0	0	0	0
	2007	7	3	0	0	7	0	0	0	0	0	0	0	0	0	0	0	0	0	0	0	0	0	1	1	2	1	2	3	4	11	8	7	6	2	0	0	0	0	0	1	0	0	0	0	0	0	0	0
	2008	7	3	0	0	8.60233	0	0	0	0	0	0	0	0	0	0	0	0	0	0	0	2	2	1	1	2	5	6	9	7	12	9	12	3	2	0	1	0	0	0	0	0	0	0	0	0	0	0	0
	2009	7	3	0	0	5	0	0	0	0	0	0	0	0	0	0	0	0	0	0	0	0	1	0	0	1	1	1	0	2	4	5	8	1	1	0	0	0	0	0	0	0	0	0	0	0	0	0	0
	2010	7	3	0	0	4	0	0	0	0	0	0	0	0	0	0	0	0	0	0	0	0	0	1	0	1	1	0	2	2	2	3	2	1	1	0	0	0	0	0	0	0	0	0	0	0	0	0	0
	2011	7	3	0	0	7.34847	0	0	0	0	0	0	0	0	0	0	0	0	0	0	0	0	1	4	1	1	4	4	4	8	11	8	4	2	1	0	1	0	0	0	0	0	0	0	0	0	0	0	0
	2012	7	3	0	0	4.12311	0	0	0	0	0	0	0	0	0	0	0	0	0	0	0	0	1	0	0	1	2	0	6	2	1	2	0	2	0	0	0	0	0	0	0	0	0	0	0	0	0	0	0
	2013	7	3	0	0	6	0	0	0	0	0	0	0	0	0	0	0	0	0	0	0	0	0	0	1	1	1	2	2	8	6	10	2	3	0	0	0	0	0	0	0	0	0	0	0	0	0	0	0
	2014	7	3	0	0	6.85565	0	0	0	0	0	0	0	0	0	0	0	0	0	0	0	1	2	1	3	2	2	8	7	9	8	3	1	0	0	0	0	0	0	0	0	0	0	0	0	0	0	0	0
	2015	7	3	0	0	9.43398	0	0	0	0	0	0	0	0	0	0	0	0	0	0	0	1	0	1	3	4	13	11	13	18	8	12	5	0	0	0	0	0	0	0	0	0	0	0	0	0	0	0	0
	2016	7	3	0	0	8.66025	0	0	0	0	0	0	0	0	0	0	0	0	0	0	0	0	0	3	1	6	3	15	12	13	13	7	2	0	0	0	0	0	0	0	0	0	0	0	0	0	0	0	0
	2017	7	3	0	0	10.8167	0	0	0	0	0	0	0	0	0	0	0	0	0	0	0	0	2	1	2	2	5	12	16	23	34	12	5	2	1	0	0	0	0	0	0	0	0	0	0	0	0	0	0
	2008	10	8	0	0	25.9037	0	3	4	55	199	171	97	46	18	13	21	20	7	1	5	2	6	0	0	3	0	0	0	0	0	0	0	0	0	0	0	0	0	0	0	0	0	0	0	0	0	0	0
	2009	10	8	0	0	14.5945	0	0	4	9	17	10	18	27	34	26	22	8	13	8	8	5	1	2	1	0	0	0	0	0	0	0	0	0	0	0	0	0	0	0	0	0	0	0	0	0	0	0	0
	2010	10	8	0	0	12.6886	0	0	3	11	36	23	18	14	10	7	10	13	7	4	2	1	1	1	0	0	0	0	0	0	0	0	0	0	0	0	0	0	0	0	0	0	0	0	0	0	0	0	0
	2011	10	8	0	0	11.6619	0	0	3	17	3	14	22	30	16	3	3	4	1	2	4	3	6	2	1	1	0	0	1	0	0	0	0	0	0	0	0	0	0	0	0	0	0	0	0	0	0	0	0
	2012	10	8	0	0	17.5499	0	0	6	45	86	73	25	13	6	10	5	8	7	7	6	4	2	2	1	1	0	1	0	0	0	0	0	0	0	0	0	0	0	0	0	0	0	0	0	0	0	0	0
	2013	10	8	0	0	9.59166	0	0	0	5	12	24	12	17	6	3	5	2	3	1	0	0	1	0	1	0	0	0	0	0	0	0	0	0	0	0	0	0	0	0	0	0	0	0	0	0	0	0	0
	2014	10	8	0	0	17.2916	0	0	2	6	28	60	84	65	24	14	5	4	0	1	3	1	1	1	0	0	0	0	0	0	0	0	0	0	0	0	0	0	0	0	0	0	0	0	0	0	0	0	0
	2015	10	8	0	0	19.4422	0	8	121	22	28	46	43	20	19	21	14	14	10	2	2	2	2	0	0	0	2	0	0	0	0	0	1	0	0	0	0	0	0	0	0	0	0	0	0	0	0	0	0
	2016	10	8	0	0	9.84886	0	0	0	5	15	13	7	5	8	10	9	5	1	6	3	3	1	2	0	1	0	0	0	1	1	1	0	0	0	0	0	0	0	0	0	0	0	0	0	0	0	0	0
	2017	10	8	0	0	13.6382	0	0	8	15	36	36	33	18	11	1	3	6	6	3	2	1	0	1	1	2	1	1	0	0	1	0	0	0	0	0	0	0	0	0	0	0	0	0	0	0	0	0	0
	2009	7	9	0	0	59	0	0	0	0	0	0	0	0	0	2	1	10	4	8	5	7	5	7	4	1	1	2	1	0	0	0	1	0	0	0	0	0	0	0	0	0	0	0	0	0	0	0	0
	2010	7	9	0	0	17	0	0	0	0	0	0	0	0	0	0	1	1	1	2	2	2	2	1	1	1	1	1	0	0	0	1	0	0	0	0	0	0	0	0	0	0	0	0	0	0	0	0	0
	2011	7	9	0	0	28	0	0	0	0	0	0	0	0	0	2	1	0	2	4	3	3	5	2	0	0	2	0	0	1	0	0	0	1	0	0	1	1	0	0	0	0	0	0	0	0	0	0	0
	2012	7	9	0	0	32	0	0	0	0	0	0	0	0	0	2	4	0	0	3	7	5	6	0	2	2	0	0	0	0	1	0	0	0	0	0	0	0	0	0	0	0	0	0	0	0	0	0	0
	2013	7	9	0	0	20	0	0	0	0	0	0	0	0	0	0	0	0	2	1	2	3	1	1	4	0	1	1	1	2	0	0	0	0	1	0	0	0	0	0	0	0	0	0	0	0	0	0	0
	2014	7	9	0	0	21	0	0	0	0	0	0	3	1	0	0	4	2	0	1	1	2	1	1	0	1	1	1	1	0	0	1	0	0	0	0	0	0	0	0	0	0	0	0	0	0	0	0	0
	2015	7	9	0	0	15	0	0	0	0	1	0	1	0	2	1	1	0	0	0	1	0	0	1	0	0	0	3	1	0	0	1	0	0	1	0	0	0	1	0	0	0	0	0	0	0	0	0	0
	2016	7	9	0	0	33	0	0	0	0	0	0	0	1	1	3	1	2	3	1	3	1	2	4	2	2	2	1	2	1	1	0	0	0	0	0	0	0	0	0	0	0	0	0	0	0	0	0	0
	2017	7	9	0	0	17	0	0	0	0	0	0	0	2	2	1	3	2	0	2	0	1	1	0	1	1	0	0	0	0	0	0	0	0	1	0	0	0	0	0	0	0	0	0	0	0	0	0	0
	-9999	0	0	0	0	0	0	0	0	0	0	0	0	0	0	0	0	0	0	0	0	0	0	0	0	0	0	0	0	0	0	0	0	0	0	0	0	0	0	0	0	0	0	0	0	0	0	0	0
#

11 #_N_age_bins
 0 1 2 3 4 5 6 7 8 9 10
2 #_N_ageerror_definitions
 0.5 1.5 2.5 3.5 4.5 5.5 6.5 7.5 8.5 9.5 10.5 11.5  12.5  13.5  14.5  15.5
 0.116583 0.1178 0.0508996 0.0355054 0.0312683 0.042084 0.123382 0.173562 0.525248 0.780147 0.780147  .8 .8 .8 .8. .8
 0.5 1.5 2.5 3.5 4.5 5.5 6.5 7.5 8.5 9.5 10.5 11.5  12.5  13.5  14.5  15.5
 0.001  0.001  0.001  0.001  0.001  0.001  0.001  0.001  0.001  0.001  0.001  0.001  0.001  0.001  0.001 0.001

#_mintailcomp: upper and lower distribution for females and males separately are accumulated until exceeding this level.
#_addtocomp:  after accumulation of tails; this value added to all bins
#_males and females treated as combined gender below this bin number 
#_compressbins: accumulate upper tail by this number of bins; acts simultaneous with mintailcomp; set=0 for no forced accumulation
#_Comp_Error:  0=multinomial, 1=dirichlet
#_Comp_Error2:  parm number  for dirichlet
#_minsamplesize: minimum sample size; set to 1 to match 2.24, minimum value is 0.001
#_mintailcomp addtocomp combM+F CompressBins CompError ParmSelect minsamplesize
-0.001 1e-07 -1 0 0 0 1 #_fleet:1_Rec_E_1
#-0.001 1e-07 -1 0 0 0 1 #_fleet:2_Rec_W_2
-0.001 1e-07 -1 0 0 0 1 #_fleet:2_Com_E_2
#-0.001 1e-07 -1 0 0 0 1 #_fleet:4_Com_W_4
-0.001 1e-07 -1 0 0 0 1 #_fleet:5_Com_LL_5
-0.001 1e-07 -1 0 0 0 1 #_fleet:6_Shrimp_Eff_6
-0.001 1e-07 -1 0 0 0 1 #_fleet:7_MRFSS_7
-0.001 1e-07 -1 0 0 0 1 #_fleet:8_HB_E_8
#-0.001 1e-07 -1 0 0 0 1 #_fleet:9_HB_W_9
-0.001 1e-07 -1 0 0 0 1 #_fleet:10_LarvalGW_10
#-0.001 1e-07 -1 0 0 0 1 #_fleet:11_SEAMAP_Trawl_GW_11
-0.001 1e-07 -1 0 0 0 1 #_fleet:12_SEAMAP_Trawl_E_12
#-0.001 1e-07 -1 0 0 0 1 #_fleet:12_SEAMAP_Trawl_W_12
-0.001 1e-07 -1 0 0 0 1 #_fleet:14_Video_GW_14
2 #_Lbin_method_for_Age_Data: 1=poplenbins; 2=datalenbins; 2=lengths
# sex codes:  0=combined; 1=use female only; 2=use male only; 2=use both as joint sexxlength distribution
# partition codes:  (0=combined; 1=discard; 2=retained
#_yr month fleet sex part ageerr Lbin_lo Lbin_hi Nsamp datavector(female-male)
-9999  0 0 0 0 0 0 0 0 0 0 0 0 0 0 0 0 0 0 0
#
1 #_Use_MeanSize-at-Age_obs (0/1)
#_yr month fleet sex part ageerr ignore datavector(female-male)
#                                          samplesize(female-male)
2017 7 1 0 0 1 0  10 10 31.97	33.93	35.50	37.79	40.51	41.57	43.53	44.60	43.59
                   -1	-1 16	40	65	83	74	66	67	27	14
2017 10 9 0 0 1 0  8.85 13.65	10 10 10 10 10 10 10 10 10
                   142	25 -16	-41	-64	-82	-72	-64	-66	-26	-26

#2017	1	14	0	0	1	0	10	10	10	10	10	10	10	10	10	10	10	-1	-1	-16	-41	-64	-82	-72	-64	-66	-26	-26
#2017	4	14	0	0	1	0	10	10	10	10	10	10	10	10	10	10	10	-1	-1	-16	-41	-64	-82	-72	-64	-66	-26	-26
#2017	7	14	0	0	1	0	10	10	10	10	10	10	10	10	10	10	10	-1	-1	-16	-41	-64	-82	-72	-64	-66	-26	-26
#2017	10 	14	0	0	1	0	10	10	10	10	10	10	10	10	10	10	10	-1	-1	-16	-41	-64	-82	-72	-64	-66	-26	-26$

#2017	1	14	0	0	2	0	10	10	10	10	10	10	10	10	10	10	10	-1	-1	-16	-41	-64	-82	-72	-64	-66	-26	-26
#2017	4	14	0	0	2	0	10	10	10	10	10	10	10	10	10	10	10	-1	-1	-16	-41	-64	-82	-72	-64	-66	-26	-26
#2017	7	14	0	0	2	0	10	10	10	10	10	10	10	10	10	10	10	-1	-1	-16	-41	-64	-82	-72	-64	-66	-26	-26
#2017	10 	14	0	0	2	0	10	10	10	10	10	10	10	10	10	10	10	-1	-1	-16	-41	-64	-82	-72	-64	-66	-26	-26

-9999 7 1 0 2 1 2  20	20 31.9	34.0	35.6	37.8	40.6	41.8	43.7	44.8	45.0
                   -1	-1 16	41	64	82	72	64	66	26	26

#
0 #_N_environ_variables
#Yr Variable Value
#
0 # N sizefreq methods to read 
#
0 # do tags (0/1)
#
0 #    morphcomp data(0/1) 
#  Nobs, Nmorphs, mincomp
#  yr, seas, type, partition, Nsamp, datavector_by_Nmorphs
#
0  #  Do dataread for selectivity priors(0/1)
# Yr, Seas, Fleet,  Age/Size,  Bin,  selex_prior,  prior_sd
# feature not yet implemented
#
999

ENDDATA
